"yA" "yB" "yC" "yD"
"1" 97.636927411562 84.6024405517119 85.1653663477658 91.300003821314
"2" 84.398525356339 82.8500627240048 80.5562023572536 94.899515475755
"3" 100.905015142846 83.9485618824002 88.501973564301 104.925446651114
"4" 93.9215160204182 76.9359302067658 98.727902552579 89.2035268701619
"5" 92.7310992804453 93.1752658690729 93.7398276196975 83.3367548074511
"6" 87.5111721045422 91.0642558106174 94.2116112067876 90.4011329870134
"7" 101.355903597716 81.054678402004 93.6014018639621 95.8152733324224
"8" 88.354985565557 86.9530753869104 92.867756782508 82.8401227497936
"9" 83.2164953641922 77.0102170942151 79.5393582545691 93.9729946149696
"10" 87.3849486432383 79.7825702022587 88.58210366618 95.211376093143
"11" 102.975397926186 78.1381770194618 89.3484664351191 96.068881427008
"12" 92.140190285891 85.5581762192262 90.0047431401694 97.26012598805
"13" 79.733427607764 81.933220053128 79.0187267790167 79.903423375423
"14" 86.2830872155704 83.108239912599 86.1600080664413 88.96107327778
"15" 87.0810273188123 86.6900416240488 85.760469299239 88.35218661574
"16" 81.6745846068135 90.180702386388 82.7640825504457 90.169645496733
"17" 91.881217952397 87.372416610915 96.9496364168469 99.1097273844828
"18" 83.3604267326538 85.4180016411406 99.792948666908 87.560066150946
"19" 95.6225918306843 81.0040900783073 84.1942009115061 95.6357342409478
"20" 104.105385444030 88.5050074934806 94.3755902136227 82.3050690911874
"21" 93.0688689169885 82.7917052093627 87.8904821445093 94.6182613021913
"22" 96.7407066197349 97.9236112886611 105.887560157274 94.4172812906928
"23" 91.052374123997 79.8952163228134 88.3407619924696 87.3517578031692
"24" 96.6287539138356 83.7724193946059 89.541498267793 96.8958499493235
"25" 91.086158443959 84.7262858380835 94.1248963726157 92.9776270945888
"26" 93.1680283897374 82.7369382569293 95.3383342079247 87.0508057386009
"27" 92.7014139193165 90.329035959624 87.3524054370595 100.726523053656
"28" 93.691010229913 93.0210999553748 83.3782178415948 85.8210234173331
"29" 85.1910436436363 87.1036519789083 99.4300417251985 99.8985166225134
"30" 86.6486229318002 79.8573374807004 84.4463315615879 93.7774672361653
"31" 95.6730391761922 88.4366332414058 81.3526370701334 96.0514765179503
"32" 100.896441463624 91.53450463974 90.1383217341023 103.942167871834
"33" 88.2795479259103 79.8807167485921 80.8559256946154 91.7015821922188
"34" 93.8757956126456 83.5728912322164 82.3299608796525 98.9668648374283
"35" 91.6938024296987 84.2059601953433 96.6255670969405 94.0266471056991
"36" 89.9401542270812 86.9952904415476 88.3713316297509 87.9972926745973
"37" 88.5668343687546 81.0205386587227 83.7101274042702 85.5303408557924
"38" 89.0477997282801 87.3830891153859 82.2466263893408 95.5725939920596
"39" 97.4247636213893 85.1041533980676 98.6770944322326 94.0577199058661
"40" 93.6287598954424 80.7928201471485 101.758560237994 92.30334128992
"41" 103.916352829730 87.7146346003873 86.0934915628235 103.205109855898
"42" 105.448220798013 98.7828775894516 97.8209744905541 97.6419014032407
"43" 84.8941721549738 87.7961235723329 93.0527835940332 79.267491779837
"44" 98.507891434379 82.0772167544752 92.1455726910667 97.5456915351917
"45" 87.4987078734455 84.981131163143 79.9024005604631 84.4762834988203
"46" 89.1065340259868 85.7871902123394 88.8759691501622 92.8499289056827
"47" 89.9498147555366 87.684238361544 92.8323689817058 83.4837402543214
"48" 80.9647232221796 83.2306797456855 81.8334547313086 83.1033806138977
"49" 91.63065256949 85.6295290857137 85.6138605925345 103.461857944083
"50" 94.0405458386023 88.1797191559224 86.7642359874195 92.0428520782262
"51" 92.2532753695718 90.0518743408384 91.894002999322 92.7690321611122
"52" 91.9334356802876 86.5621932283074 98.2007866123805 95.3377648200686
"53" 86.8207110081573 85.8448533910224 86.6109607776368 89.2165721545055
"54" 92.2077193179877 84.602368860959 96.181708409380 83.9163127431539
"55" 92.6880917116135 83.0735367394908 93.6296141196436 93.2788298289284
"56" 94.405811923707 75.5279825741006 86.748716324222 95.2865564337673
"57" 87.4928678271794 73.385579441007 95.8522655091744 83.0233787900088
"58" 96.2260649101232 95.5448376737895 98.4474125864837 97.8660449676005
"59" 87.4317023481717 81.0045982750537 92.2108443327299 82.8662981284171
"60" 97.6870790485133 85.8842212151785 87.2832416451559 98.091523492551
"61" 90.611087299376 85.7799879590415 87.6100587549177 84.7825938383072
"62" 92.2200164000434 86.7999677489137 88.3683183502816 91.2068670933228
"63" 103.576832443167 86.9318841341544 100.825434341325 90.0340417522866
"64" 94.2421740624208 84.6456598289811 85.8038299176488 87.4709086127507
"65" 96.6095662840323 94.155441114273 92.2812622209182 87.8191335708788
"66" 93.6683342539374 83.9184169275593 79.7483713148326 90.3853778424528
"67" 78.219183435726 88.2523568458025 82.8262284465111 96.0542020508422
"68" 85.210400009778 83.8745049509443 79.7104302356287 104.622767413041
"69" 87.5199574934602 83.0894779639718 90.2948461907694 86.8087176067394
"70" 99.641599165665 90.4858889271002 86.1551665842075 95.6967702155177
"71" 87.5731555777364 89.1621212363294 82.467702403797 87.977410124396
"72" 84.0068858185613 92.794207171698 86.0712949864023 95.1178718685563
"73" 89.0829176632598 90.8829426617032 83.6887164984523 89.628365484389
"74" 92.1723524025287 92.0539028804245 98.0536551068386 96.5303132878059
"75" 106.939247735613 98.252643737336 105.378130660384 98.7377056463694
"76" 88.803673436678 81.577261015617 83.9643684935615 87.1777271735377
"77" 95.7788384320186 88.5658111656803 86.6187609990397 85.7410948531106
"78" 90.63282425203 81.0904525342327 93.7362310643349 86.6739152227041
"79" 93.0287109597964 86.382503526495 83.935379750399 103.756451993722
"80" 94.2542038099775 90.339043607125 102.017316244059 86.2853118448815
"81" 76.9615393540075 79.2576362162355 88.2671407066023 87.2459660217174
"82" 83.3410841913096 81.7727174759367 78.6645575061192 91.2663013623776
"83" 87.2577952310382 83.596545372417 84.3736788477741 97.2090093376711
"84" 91.3265121097476 90.5115430006803 93.2302829214687 90.9392571558453
"85" 98.8365919025308 84.0618387885601 99.2115209398995 87.8638158903648
"86" 93.7885633161065 87.7640578776413 91.1677759754105 96.6379077849877
"87" 92.4189853328167 83.1682638302324 84.2793505814616 88.6590551392449
"88" 94.714589951434 84.5200086656724 91.7022718994936 89.4452007006051
"89" 95.0068949645805 86.6384094535137 85.011929534066 103.845849277637
"90" 90.2259636973983 92.309017969765 76.9554061123402 88.0811511224623
"91" 93.2117838213976 84.487153971729 85.5003373104923 105.367417552783
"92" 95.1901366965957 82.456073824263 87.6594403166614 103.939152540747
"93" 91.9790797756514 94.485960065333 76.8310514154511 99.3579105296493
"94" 88.5946750575884 89.2243668498431 87.9826554558635 94.3594338238279
"95" 92.2519553737921 92.5670485688711 89.4714128023157 84.5284694773228
"96" 89.48129080577 85.378214567422 89.8387437364537 86.9289473023202
"97" 95.039979966526 87.8558045733773 81.4923188180732 91.9899503225865
"98" 94.9758310072017 90.038888610952 82.8529668283666 101.313175367606
"99" 99.2227270232613 91.3289229689934 95.664734739967 96.2349443630266
"100" 95.5331304352908 89.5890563422828 86.7319884720125 95.0354726864594
"101" 96.9077747682234 82.7497252113868 92.9688352079196 79.3078376663428
"102" 100.802626215548 94.1384228291284 105.12775401235 96.324967529932
"103" 90.517397018225 89.4186656693263 85.4343707763785 84.996550833825
"104" 80.7390278319789 88.4564788415195 88.0064073189 81.776663786169
"105" 100.236498985469 90.3603752623238 94.6872790125215 92.2447548425478
"106" 90.6069539225484 90.9665370228295 80.2135245130172 94.195201415454
"107" 92.2377359718207 84.561555434526 89.9284757130825 92.65503597262
"108" 92.379217105392 87.538584232627 84.609460332711 89.5922714657703
"109" 102.879456426445 77.2303332723563 91.6344329385875 97.784174039577
"110" 89.0227309411574 81.8700585007307 87.0863356378120 95.6200445029986
"111" 92.1009470130145 80.411239225919 89.5394716045909 95.063635415855
"112" 95.7975977609393 85.3393345653775 82.2271118387327 89.4579711609636
"113" 86.520001053732 82.0874409539615 82.8644164642148 98.1041107392625
"114" 88.095218842147 85.7254454202042 90.9354684927012 91.45407132043
"115" 85.4783135794116 80.7963089476311 82.5399517156023 88.5641252673596
"116" 82.384764762274 90.653142243298 82.9827073321634 83.3481262497544
"117" 86.5420312768136 87.0308332983483 84.9664985986173 92.9584960468874
"118" 92.3149703516091 79.6847801818672 82.3281294711772 88.7738324696668
"119" 97.8505167917195 80.6026755681474 95.1504046273843 82.3882605481148
"120" 91.8511704206978 82.7933149510573 86.0154701459726 86.4099488352224
"121" 87.8657325237737 86.9899613742126 80.0591570529207 89.6235025481914
"122" 94.1049779880144 80.2996628561612 93.3979924256334 86.4040095839954
"123" 89.521387160548 89.4033908669774 81.9856646682624 90.0810882239161
"124" 96.7836223037913 81.356003621778 89.162013661609 87.6296859798049
"125" 95.0065916871872 79.9497944094522 85.4586745077749 86.6376441391605
"126" 83.7410151958526 78.8974866917656 89.346517205975 86.2818625286874
"127" 89.682340475239 90.812878989564 89.0707347508151 86.007040012717
"128" 90.7422857887216 81.1384965973489 93.6830459942863 95.2981354477257
"129" 91.529270689003 89.6324890859437 85.7406749057334 92.0415897091004
"130" 81.9960696335668 84.9747886897435 87.5633747519007 83.0739152557287
"131" 91.2205352455549 89.2132463247252 87.041444116976 86.7421390126561
"132" 91.0461885633403 85.9652358635032 85.9327778617274 88.8975009896122
"133" 84.4770921651124 86.6938787833705 93.7307154427829 83.4818078310304
"134" 91.0826649626543 78.4684251747345 99.307940841464 88.9816362781801
"135" 78.8845035175255 89.2328445720981 93.106583752498 88.6117903412225
"136" 93.3206029734162 85.0475423835315 94.2838823069155 86.2250280777035
"137" NA NA NA 88.6943024115937
"138" 88.218791054022 88.425422017031 83.1974282718551 92.8000274876876
"139" 88.2065631056024 94.8733723606074 87.8928225575605 90.6698877529526
"140" 88.535669135812 83.7843539416301 85.3842372579527 96.3289595086737
"141" 94.077296059471 83.9312020515344 90.606108159932 91.9001897767834
"142" 82.9078345008994 83.300805449796 90.0467717370606 87.1306345867775
"143" 90.3132987431732 87.5614435737016 82.287327140712 85.4210702141801
"144" 89.0232089503988 82.916825503625 87.3210619930254 98.2769615509833
"145" 96.3117301985077 85.688284575885 97.0306610448163 91.5638470460516
"146" 97.5349572068305 80.4292724118216 84.833366463452 90.3309052329904
"147" 95.9525516636187 88.4830734559993 82.6963874196044 92.9551745837615
"148" 95.6584341426653 82.6113964613268 97.7804953335115 94.4366156966349
"149" 98.640851846721 89.9167899902068 88.8172981965415 94.6236925583157
"150" 97.8650210527433 84.1874217375667 97.6984970262157 85.4574475174709
"151" 79.1430722129648 86.7052509364181 81.2263344571102 95.8630750493527
"152" 84.333562550859 89.3672091911042 86.6122354646034 95.7917651578001
"153" 87.7480967723673 89.5856779262449 85.5250457247081 90.9244894711313
"154" 86.6643477407545 83.6474531738264 95.9777871727008 102.410880193949
"155" 90.8194414540958 80.42848792693 90.1243241561922 96.5879118280995
"156" 93.5484433313498 84.1756217201526 87.7604507075962 86.2281364690935
"157" 90.6893041048231 80.4769077288448 82.3920269444082 89.5749101515557
"158" 91.7724554845782 81.0695317388186 84.683356284302 93.1784150467434
"159" 90.1222646782987 89.7462995839718 102.619018147451 91.2481849413722
"160" 90.5753716625965 89.1203487671579 84.3659874152141 84.6955428495371
"161" 96.389121460256 90.7404815825144 93.5037653722673 92.7922598432654
"162" 92.9437221131419 76.4453885733767 82.474540989451 97.4266964116262
"163" 100.923976989289 85.2729287991659 99.751768868898 94.0782449045614
"164" 94.3919101095945 90.5203559266728 85.0255592834705 93.2787740492768
"165" 93.6409542895051 82.9060279231598 85.9112712781686 101.903980418509
"166" 89.367660754718 80.3709768033238 84.7619814635279 96.1762129455205
"167" 92.0356887458357 87.5513483418123 98.1136175984653 93.2000328445921
"168" 93.58772680989 86.7914499523542 92.8953694458206 94.8420956975445
"169" 91.1967795888674 86.3198015454412 94.4436397061122 92.9846290234754
"170" 92.4550699636426 95.1130896770853 98.8268803985928 90.4381672861538
"171" 100.553550078375 92.7932445748187 110.349335996283 103.675972169783
"172" 80.1387742975696 79.5309216470863 87.888875310513 84.8996126891376
"173" 100.003263617725 71.1498358414017 78.8632166478997 93.9740635768041
"174" 94.4260441865612 81.3730582068013 87.0055338765365 96.1333648167226
"175" 90.1564793533194 86.0820956082442 92.1412720579156 93.622183960097
"176" 102.519716547828 95.0561987089527 89.3157454883142 93.551463140421
"177" 97.3198087146682 79.1805935683691 81.2022174341653 93.6176066955736
"178" 105.909212168553 97.6309009168532 96.8233480565148 100.768385850021
"179" 93.2161533717162 90.5072727445919 81.9834840395225 98.3487598628122
"180" 80.3214566449204 86.4501982962239 85.5555290496737 87.5868808615554
"181" 92.2694555625803 79.8377254456237 87.3841310874923 97.0758867387482
"182" NA NA NA 85.3833975789807
"183" 96.157534824291 89.9692282480821 91.1240802420573 96.8405453719756
"184" NA NA NA 78.0787446812892
"185" 93.7889334647725 81.7340035857455 95.1443423550694 101.901729348007
"186" 85.9321293061053 85.6551064594589 86.6268959645903 87.6664892615208
"187" 87.2722410754011 85.9320075607396 86.0046286348927 101.360996281109
"188" 85.3063346085537 82.579833225907 87.5110311291895 92.3677740337561
"189" 95.6695408291487 88.2006455386148 97.3629188728742 91.743318991814
"190" 107.729893344617 94.32133874466 90.9749239168225 95.7209523709739
"191" 84.5466585335481 78.9103131244006 92.103851940104 92.351809272274
"192" 86.0551845506135 81.7680531143081 84.0840355108102 94.8254568722874
"193" 82.6631775776087 88.584786634098 89.5523522860433 89.4914040060458
"194" 103.090808168179 80.0719818685404 97.6543161767325 88.7823796579565
"195" 94.4792493048223 89.2111322564255 86.71424551398 84.4499315578932
"196" 89.2184887835615 74.3769370390304 83.4178602330956 89.6916510566439
"197" 89.6340057653998 80.2335041051017 96.592169881373 95.5898785941562
"198" 93.6657229942246 92.303189800531 101.469140866462 90.8407837102524
"199" 92.8921225847253 81.8129200501537 97.2195337687934 82.7286133204255
"200" 93.1577629143483 82.5092055308621 83.8416833536812 98.678109606044
"201" 93.083565969601 85.3733728794019 102.478603618597 93.8840569845316
"202" 87.4958407152706 81.2463377922383 100.242021409762 95.2249403493705
"203" 89.7518583022871 84.9269661885045 101.642462975024 89.3253455530262
"204" 83.2347739736046 89.7720447899565 88.2280437539218 97.6414662663622
"205" 85.1075134105606 78.935230724543 93.9413846114967 89.45717260626
"206" 92.8339248672378 89.2912422342193 79.532513655844 93.2210457274404
"207" 78.3945713124428 80.1261965971078 86.0817568414914 97.9226900309167
"208" 89.7083764817612 79.8035241483505 77.1600105318082 86.347075234335
"209" 83.9209076366753 91.8536417723544 81.7156738076112 90.5253398963182
"210" 94.634697296369 89.6930635216124 96.0540084877724 88.8509804762126
"211" 91.4284329116943 80.6217261288065 86.3276248379844 81.8660049510501
"212" 99.6545860776623 85.1755738488734 103.721742078894 90.5666645770967
"213" 83.3579453545933 78.4221885930942 82.1496043962251 94.2444671432702
"214" 88.2882281945374 87.9792613959505 95.2210559383097 78.8839586809454
"215" 97.267060865707 85.3913928090183 98.0885274075316 87.1219102892121
"216" 93.3140345868253 82.0101941554381 96.063768308374 91.5076161230995
"217" 102.344469882809 84.1087138647912 81.7440592503527 102.588468315125
"218" 82.779536272276 80.548756246709 86.2807382103492 80.53781161622
"219" 88.7123891002452 78.6242458324625 87.8129522530153 92.6922778122641
"220" 93.1033384003037 88.8841799656215 92.1140814885448 84.0340488981977
"221" 91.6322289056392 80.629217335506 84.9938174972456 92.368807558011
"222" 103.322354096912 89.5880573788302 94.9091333642277 82.888212474032
"223" 89.8383598537576 81.8182391049443 82.250394678444 92.2968729342147
"224" 98.6141432310646 90.96305105802 95.192403804097 90.235742311714
"225" 101.405423662397 102.265899476417 89.6169174234041 101.962917707295
"226" 92.4218264537199 89.3332563502513 84.7748105324893 90.1624336132898
"227" 90.4688095400437 92.4473523105528 88.1401604925513 90.3293369666344
"228" NA NA NA 89.141360109913
"229" 80.0885137985688 82.2394241341172 85.9797663515293 89.5023723217057
"230" 99.2484093888194 88.5267106244444 88.3925677418067 91.6359611942488
"231" 96.8639396409987 84.3293925009698 89.6378071350443 94.7862070565813
"232" 79.637418465718 91.2060397343625 85.2130161602366 84.1273117916493
"233" 97.3572323208452 88.231108482218 87.246767976066 80.6192971660825
"234" 89.7633016233642 86.2283453303495 85.6894535873816 84.9237593100717
"235" 85.339292734731 79.1074513683617 86.8703478349679 83.9362939315063
"236" 91.7588772519417 85.227217699538 93.7390310500786 98.2934540232128
"237" 79.0319173344509 85.9084230472525 97.58156308189 92.114822258589
"238" 104.883407578684 97.2764725108853 102.072024363378 99.5261764283417
"239" 93.7943040539058 84.3443933036091 97.6249924786997 95.823063368575
"240" 94.618929067415 86.111282725003 88.1205275286392 85.027918805665
"241" 82.7712661484522 88.0713901656172 87.1278423729665 92.4557128335546
"242" 89.699767303096 89.4444038072572 100.413924651781 88.1536831519354
"243" 86.504581180803 79.78198749788 84.8576830241082 98.2071378399117
"244" 96.5731858632756 87.844712538871 90.2442857163429 92.6807600467981
"245" 96.6152323610297 95.061116364283 97.8650914289442 98.7451516281644
"246" 92.742619969276 89.1701039387104 87.6984181727288 88.7170351364574
"247" 101.541207742050 90.4597494725155 95.0947884946662 90.234501028675
"248" 84.7364434607732 84.9749340568306 89.2167213996457 84.9345255514437
"249" 83.3439158600461 84.5978289437939 81.686769513111 98.5961399486123
"250" 84.9549327526352 94.8678672029315 84.8249519538965 94.1721143738375
"251" 88.6821669304167 86.6886046659262 90.3855673468785 86.4398290634918
"252" 85.1544392090754 90.9079188245793 91.441066207131 90.2989043754496
"253" 96.8763735126779 78.8013659670346 91.9774098924216 86.9909900740611
"254" 96.703635930256 90.8996957111724 92.1554914172913 96.082255933632
"255" 91.4576517398273 79.0178625213079 85.0217645175349 96.22512569784
"256" 92.7559397054457 88.5121356496647 86.836877276961 93.2721322998073
"257" 91.0581956933585 83.5738823282035 83.1780351976017 93.8956627811103
"258" 97.8472578202525 88.5276181988169 89.9809605683177 96.860407972409
"259" 97.1993350432661 78.3547919163307 90.1275190935642 95.3102341951054
"260" 97.5153777146397 81.970081475312 86.9403221361665 98.7656876484283
"261" 92.7275055234226 82.5844669789614 84.506527682316 95.5006384896658
"262" 92.5823531097555 81.0357610108559 85.032945490756 97.2028798672699
"263" 93.7700255394405 82.888039458011 80.1881518856498 95.6884661538256
"264" 90.5925692635313 82.623505459084 96.4012390466473 86.0582267919306
"265" 92.5490383779877 92.356626283116 85.2058538112173 83.5829705334171
"266" 85.5161684173233 86.952530851133 85.4475110396128 83.7010807919585
"267" 88.7474811564945 84.9856103415356 94.5905438027501 88.7692197355885
"268" 94.3952656485034 84.4231339695139 79.2093264397217 92.3298552258813
"269" 91.2648904998403 91.655748986699 80.8834542786422 95.0206934496003
"270" 93.0216173143072 85.7185322641393 96.898679580337 92.5063677226202
"271" 87.501762912688 84.5376629570644 84.2879146333694 93.5234345067757
"272" 100.048818489608 95.5863836346126 93.4724905548257 102.757518258095
"273" 84.6084578428007 77.2962506177489 82.1339443130681 87.4396649080156
"274" 92.0410076138376 100.736503256172 103.258192625609 95.0150218798034
"275" 88.8088689440371 83.1253537995866 96.463456231655 89.722725279955
"276" 91.8550502038908 82.6394839455816 81.5471872754445 86.8290379859768
"277" 96.5845692210242 85.1223448452363 88.4039897122248 89.380470092754
"278" 84.7022486814168 89.5318744324595 79.8456699440417 95.1412620077299
"279" 89.0025645847042 88.9492680348191 78.304550653543 92.4926546897022
"280" 84.4216408085624 87.0304904268128 80.2665215877734 89.0324425863955
"281" 90.8020507728882 83.0804630002805 91.189244300488 93.7649306418379
"282" 98.0933913902253 81.3125708011057 85.5675698942502 101.856430823287
"283" 94.2632738849002 81.5364210767904 84.8415084383087 90.7157428886735
"284" 92.4344432610194 89.8658700345453 77.6460840493865 87.4156026737891
"285" 99.7082884629004 77.5063686720582 84.414263025175 87.035008040858
"286" 90.139887697204 87.4335525948077 90.5565218845768 96.3446987519471
"287" 88.3301494110435 80.1513937629397 83.0621141023597 86.2347680890442
"288" 99.327819925154 88.597100363444 96.6406104162595 91.0873345830238
"289" 80.386130938208 84.130068551801 84.9759658354535 87.5438797542397
"290" 88.6264256616507 81.1901387419948 86.970979455484 89.5264506747105
"291" 90.9503013933799 91.0206129907874 100.329528608312 88.646032471334
"292" 77.4926006040863 85.5760624667895 83.0120751609402 87.2778840416839
"293" 88.3037388758991 84.3155610868652 98.041568178826 89.8452736947898
"294" 96.9727535954231 82.3274221353786 94.7271003714875 98.8660966294313
"295" 80.0480172997288 90.6934156187807 80.1998486466886 91.7036455079387
"296" 93.7021071667752 83.6296159674522 86.0526042415547 95.2259076130107
"297" 91.9676765163413 80.691196900045 87.5185618507658 90.815530730522
"298" 87.6540258964342 86.6622886387826 83.1576738072542 94.8072053727113
"299" 96.1225481601751 80.9133613545328 90.0008830222284 94.9215663155634
"300" 88.50366716522 87.1026222084057 81.3837582709306 94.518614240124
"301" 83.6438715761231 88.0000554222249 84.6390986309457 86.3774425806513
"302" 80.0535714787325 86.3805002456324 81.5873328231669 84.9199251724754
"303" 95.7957933798479 84.83288003933 86.9361703051855 88.1321692326368
"304" 88.3076991094418 88.7703439827816 93.3923141902593 90.4412056005304
"305" 92.7903029871965 88.15241376944 83.450346282733 103.060592278245
"306" 92.2655669350177 86.8717052616848 82.3148654164508 94.0927147409451
"307" 93.5945015131515 85.7889199974932 84.0141894058215 89.8828634686204
"308" 99.3027920396414 77.793011811063 88.5267281348712 91.1332237765151
"309" 92.735528018552 86.9460440627776 87.435668327514 80.5050709316078
"310" 90.5714799265784 88.2872387004881 91.6572483757342 84.914138716779
"311" 95.1230023294206 85.650885931049 87.3714009970117 87.7615509911671
"312" 96.7424544658577 81.9898867111261 83.3037296419356 92.4117094724223
"313" 95.3958493311961 85.7516732228542 85.3600629520282 91.0027002677366
"314" 91.7389992800098 87.5810489520764 82.4980627656125 92.7729068435012
"315" NA NA NA 92.1031454983545
"316" 95.8129978550984 86.1983755260522 98.0907418433554 90.5633212762223
"317" 93.9663794979402 85.0303942260438 81.6105019884942 93.5288112410732
"318" 98.0541596523037 88.3674197887176 97.1330637158332 90.5166114792833
"319" 100.974916076173 82.2032982680965 91.0425346432026 93.8896869158891
"320" 86.7027253488633 85.9733150765154 81.8129129338746 91.4481439740874
"321" 95.988483069007 84.6682469179261 100.365870917159 103.165933783605
"322" 101.187288519607 86.48810597921 97.4192287106421 93.3847212658381
"323" 95.4946034622327 79.4435118770357 84.6108723360589 91.2345059345297
"324" 92.2300844781905 84.8220281676648 98.5268157287277 94.9689889527973
"325" NA NA NA 88.9290820426219
"326" 98.8232844716969 86.8922524504643 87.230685023185 92.6471325355957
"327" 98.159675796056 90.2032971343743 87.3757800686707 94.49697454565
"328" 95.8387791709886 85.4610385970497 96.4566790039357 91.897721355156
"329" 84.4194057467041 82.126815514781 85.2477152094844 88.9644106578238
"330" 89.0751771205437 88.7163938754069 79.8496658836645 87.8191536485997
"331" 85.1907047881481 84.9547297749236 80.990452569763 91.6439921643397
"332" 94.4129811546522 81.8833897012689 93.2665926852474 81.2469136733467
"333" 92.3002823325274 80.3636223907257 90.2460204828092 100.948054671105
"334" 95.6700257751189 84.8017738257095 85.5886208811924 90.4402793280007
"335" 99.068292156459 84.6407640566185 82.2818161827634 98.0537332037754
"336" 83.121685476491 84.4398950891291 83.3469083618428 86.6652094328545
"337" 95.0764608666348 86.1735254652433 96.6619438689454 99.7649290207158
"338" 89.9896349524012 93.2432765466954 82.7139119961897 90.0370803659206
"339" 85.0644064784275 88.66781291532 88.6867415544808 90.8044956429319
"340" 89.9649716883407 91.9435596116972 89.6862966362483 102.028996826118
"341" 102.129739952556 84.6437800419008 87.3713040706112 95.2434876795778
"342" 91.7859099035751 80.6898858295188 76.9896549500649 84.243961357354
"343" 93.779728299037 86.4656663446388 89.133264824081 85.0166297565568
"344" 86.4909287896391 87.6513633315915 96.2734740104474 91.4775579767543
"345" NA NA NA 88.4050393161274
"346" 101.551042325012 84.0767657383322 92.7641816518796 96.8065066816985
"347" 90.3638452572903 86.1610565130903 82.2594863228643 91.5763742473823
"348" 87.6940511290482 87.8831113541836 83.2796499458828 94.4148551026098
"349" 92.208933634186 82.4348222009424 92.2243864523653 97.5770161978588
"350" 88.9799426830222 85.9484618146179 95.427674814129 90.2783618499754
"351" 92.9494769315044 86.1007752634205 82.3548338250122 82.8125240731824
"352" 96.0893858900345 83.1120291642674 87.274536017107 90.4483674153675
"353" 96.0685452356858 86.9866594735541 93.1121805118799 89.3950513389996
"354" 76.15701279004 82.1701159356181 78.6283174435602 97.9425014182405
"355" 98.6127490966457 95.8133937423462 98.1760371090708 93.1389276262902
"356" 96.8290893884683 92.0181736656888 89.8059286174594 98.4178704755508
"357" 92.7663787470417 89.7312926986756 92.6128113068264 99.0367693345879
"358" 89.5534060147543 79.8296651587986 87.4851575060608 92.1611434875402
"359" 86.5667857914006 85.1521607517729 79.9029116360523 91.8998275099965
"360" 89.948251563854 86.2764859898826 89.558369987061 91.8319949575136
"361" 95.278799309394 82.915098875503 93.5156009628437 80.4731926401418
"362" 90.1676179963406 86.9378152253753 80.0432844781517 102.050594456081
"363" 83.6722113314321 81.9522037251824 83.2778846610598 93.0205323753694
"364" 86.3139730953234 79.4153086533321 83.4948239354013 89.7667429193473
"365" 97.8143839269189 85.1827584277277 96.6516912711883 102.037964531894
"366" 96.4046566155897 83.3811451054593 93.777754709496 99.3744021539336
"367" 98.252302898792 82.2551356612438 97.639306100953 95.6157734429803
"368" 96.7397435164176 97.1167106981325 100.552970408820 95.1509278484055
"369" 103.052147107903 83.549023531681 96.4514621519153 82.9037882623065
"370" 96.0547353923692 90.421208032258 94.0894405333655 84.2084728203655
"371" 95.4385635118146 81.7940533607811 100.517702243857 85.5991386621937
"372" 95.3204450622748 82.203618239351 98.6554981385883 90.457464199028
"373" 98.3861344133964 94.4982332623437 92.6819624531024 94.6415979021996
"374" 95.0099757606195 94.454101469244 98.8649737125605 87.3872166061517
"375" 89.8747497318561 85.0870290063645 89.2022236618447 90.571820742011
"376" 92.478886466027 90.4556124112546 88.1309503592545 91.3379057532303
"377" 85.2500225649026 86.8558577314141 86.088638369598 85.327087286206
"378" 80.7355415086495 89.6127170414004 78.5183217445617 95.4579257982514
"379" 88.3120785569626 84.9773695791427 82.1884748876167 89.7969443238005
"380" 87.536671180116 88.276293452724 96.320696967457 97.4365568540628
"381" 94.3311189199539 83.8140904458381 93.11827546186 101.008260209753
"382" 98.7416305362263 86.9926341149764 101.334276917972 96.939494186106
"383" 82.6643314140193 84.9446921336625 81.8408149916436 93.4285573923892
"384" 90.3973964397634 91.418919117241 83.1726049849353 94.5888463763325
"385" 99.1663121697237 81.6651724930922 93.1863287495595 93.7062236446378
"386" 91.048056839324 85.1075762501771 88.336380012691 90.424067789852
"387" 91.488631501113 84.1985784446735 84.3687650248563 78.43869950414
"388" 82.8223342319027 85.3816183253717 79.3802685017942 95.0924737489912
"389" 91.7637077701693 82.785604158664 85.6419229830802 87.1081191164354
"390" 101.562362037882 87.1181181024447 87.455471367942 86.5059250608254
"391" 85.0394455595812 91.197641023192 93.5797204091007 84.3494753387154
"392" 78.771376031849 85.773657536672 85.895215078152 83.3632541430821
"393" 92.3719331614624 88.3368558361642 101.111678064708 87.9718702359811
"394" NA NA NA 86.3474845671981
"395" 96.3094651617733 81.9704784458648 84.4157203154194 90.9084515935227
"396" 95.7834150999696 85.0846615714171 89.9943668759756 89.3451818345822
"397" 86.8251019738656 82.5845965855096 86.2383572956684 98.1121218230708
"398" 99.5410733179327 78.0505925285224 90.78912393616 102.152013487123
"399" 79.7725090779562 91.2356948663959 86.6815610175689 98.1765783229452
"400" 87.3310800617506 79.8872432419618 91.6568562885262 93.4910520093607
"401" 86.0271938826199 83.8464029821607 82.5720497391043 84.36789259938
"402" 80.7061472567492 76.8454275191881 91.6976898680962 84.6537011858297
"403" 84.6288330772194 80.4955722708983 96.6606337069087 92.1668782905123
"404" 95.571638840371 85.685192351657 86.0344824419344 97.9172683861282
"405" 89.2433568697478 81.8770119507029 92.0242333417457 93.3808011930124
"406" 91.8517591882253 91.0688635466672 93.5711021194664 88.9071489919245
"407" 91.6147632267429 83.8847449481008 90.607740968208 103.218875862715
"408" 93.8642377420236 84.4329372767407 96.4122726230677 87.802436238014
"409" 93.336435009858 84.7085206763772 88.272830261793 99.3326139468053
"410" 100.838388043354 76.05128907547 87.8112959302647 99.2915530117167
"411" 89.08515408458 86.9450085190645 85.0222660076182 94.2619342572964
"412" 83.9842398849675 78.4487992110562 87.7573636771656 85.6772862034811
"413" 104.871699889285 86.9129606397127 87.6186265812276 93.8922003037097
"414" 87.936808559181 78.800730376229 80.766039493513 89.5699467739359
"415" 90.5236470399964 79.3402120166404 83.5436932624846 92.3971939420596
"416" 95.6052830978593 84.6880793611617 81.0622139634603 92.792222240438
"417" 94.4017038576805 89.0243234260383 100.776564846899 96.3409239709358
"418" 100.300153917607 87.2743768084446 94.225002602741 82.6420262584892
"419" 88.7614034148778 85.2104067470946 82.84314220038 86.8884568835752
"420" 94.3485416868885 83.656052394253 86.775137743182 90.1125876397373
"421" 84.9295097991939 85.113404023901 80.5706495844167 82.1468941918295
"422" 88.7776855064623 90.0145969097066 90.6105902383626 94.511029688511
"423" NA NA NA 96.5300347280983
"424" 91.3363494830578 84.5256714731554 91.1993884134027 92.554361434749
"425" 91.7432649818167 79.301053337623 91.5665915609379 90.931292859409
"426" 81.7718162820934 90.2145970430144 90.9323317512563 81.3224315165553
"427" 91.0619031260249 91.3883088286507 83.5632747313663 95.4839148154623
"428" 87.1192342936369 91.9442696282437 85.5908448022585 93.5246498401629
"429" 85.1484046426588 81.5967564488544 88.9851671933876 90.9327693086754
"430" 94.6764105091927 84.6194622035301 85.6894366459967 97.0619134208804
"431" 97.164994455153 78.531653186996 98.460426826488 87.5946876405928
"432" 93.3869396394172 89.124185890303 103.549057824204 89.7944271882791
"433" 81.3972257690567 85.4923356892327 86.6181386815563 92.1263212409864
"434" 90.6917412436148 91.3203362329849 76.3584574046271 88.7383780904782
"435" 92.4813719266856 91.1243264851004 97.7420310400113 93.7635739025642
"436" 95.2905679275534 90.144529089809 92.7227579437708 90.5377430011242
"437" 98.069430597401 80.2138820636795 87.920160109332 97.5964291463627
"438" 103.741667333960 96.3674923991865 100.564522830085 103.537088671884
"439" 94.5091669189758 88.0254767965848 77.9217131744858 98.879856713273
"440" 78.7938018284214 83.0553940530005 84.3030893183943 83.7741918881564
"441" 83.0098749016105 81.7001847562452 87.645253176069 75.7742750912693
"442" 73.2914746597042 89.1635902243925 85.4622152295643 91.3804621075482
"443" 93.5548857749145 83.3305880230458 86.8487602079215 88.4117806256987
"444" 102.369535764582 78.678695915692 95.6248402097233 103.465920802678
"445" 96.9053847337684 87.9858570546064 94.1814716360114 92.4554011267415
"446" 85.3203843183622 79.7160264285164 84.2299203452935 87.5967474088357
"447" 97.7589373949081 88.5311532330033 98.6509505309568 85.998627665877
"448" 91.6167427262879 88.9713115660821 79.9847538123967 94.102506258157
"449" 90.8424335782357 84.9233204429076 80.6688493097457 84.3742785133673
"450" 86.8652620356772 88.039060307954 87.145785583434 95.8260321384005
"451" 85.232163032514 80.4056539341825 89.5205146883375 92.5597623919195
"452" 89.6029708319649 83.7716719502106 88.037624801601 86.1368562228982
"453" 88.2492229766936 77.4771174825722 87.2053323316492 86.042074496535
"454" 88.0900589074667 82.0535934138718 91.8811695517223 94.644394883353
"455" 100.892340166575 96.4944964030987 97.4956698912904 104.877124672728
"456" 90.1744443205376 81.3929294680233 76.9475829770345 90.907851063745
"457" 92.17664305043 80.2795134499221 98.7809079402366 88.185800189093
"458" 91.5746984186993 88.4310121582954 86.2479365234836 98.376237771065
"459" 98.084769148127 98.2508227774445 94.0036642899994 99.4411311270387
"460" 90.1322617665467 88.0171094259815 89.3054518653777 81.4633915147726
"461" 96.4211313793637 81.6930788740277 95.2631653471842 90.0447948522862
"462" 86.1036609725511 84.4290935472363 91.390672329145 81.7796175134082
"463" 83.7537569370103 83.9354477129363 86.0312235366042 91.3730186450578
"464" 88.3119408495105 81.7563813788476 81.7731842242507 87.9656003487386
"465" 96.0444592963478 80.1969629431198 86.4084495710968 88.5871850987579
"466" 98.2978427583283 81.1159118685834 90.0625063086033 102.937884096277
"467" 92.4903959486373 86.8000792493564 86.272327817071 88.2668612797032
"468" 87.169044469913 81.0291749767263 93.2497830316779 90.6115039344632
"469" NA NA NA 88.691168769894
"470" 97.629246112708 88.3312155813376 91.948208658739 89.2012675464459
"471" 93.3451734454237 77.2253728743976 90.3980631009031 82.4056769877438
"472" 82.754495432908 85.0214429234689 99.00435466424 87.9905535573168
"473" 82.6264539576695 86.2240209568516 86.1504414166639 89.7242197576093
"474" 94.672428470530 86.9980798638984 93.4437290955183 90.336074819165
"475" 91.7720397460454 82.435718962072 98.5112828915813 87.219304467797
"476" 95.1356102138958 87.4828899539656 85.0500672634058 91.1849641233382
"477" 92.6414936787333 87.9401983229646 84.0048275354057 105.480895681147
"478" 95.533795830757 89.0584662043737 96.0812322692052 105.223127926187
"479" 89.753334301837 86.9360280192674 76.1643124997219 90.6921909765
"480" 91.929981705394 88.2085123535862 86.6715542434063 94.599741685107
"481" 98.8815609335464 94.9243164116467 85.8569345466942 95.6504601524417
"482" 86.7327105302628 90.095263074323 88.4962968211397 82.1802135926745
"483" 92.3666750011777 83.6841222605183 89.136591965598 84.9687990172544
"484" 88.716202208377 75.7045151675572 90.3322790124567 93.6293177951134
"485" 88.7737626757991 83.6921779899151 89.7789415688013 89.380346957051
"486" 92.582839159327 77.7247444331194 99.2667768888603 92.0478360936981
"487" 103.759469039257 79.9369613602783 93.4564823324113 91.6403662189548
"488" 86.1601082255947 83.2885527273739 86.4724737158563 96.540390485747
"489" 99.6031281183818 88.6126123840186 96.5560414008108 94.1145012110323
"490" 94.9919988929437 84.3972822363096 83.54784308177 102.952885336117
"491" 93.7340548972111 80.7769882078038 83.1177648244663 97.5515742107175
"492" 85.907671292115 83.1209220064049 86.7590299686166 87.612173303698
"493" 99.6203741053817 94.7461639380157 95.4101196026806 93.0532839124406
"494" 98.6929844027346 89.107143766247 96.1341859216415 96.476365431428
"495" 84.4627667457397 80.7726692628683 88.8429621421836 96.6665980348491
"496" 96.1693311356712 82.12959200715 81.9410000677258 88.1393767780599
"497" 90.6649380938807 85.6896474689874 98.1102469537032 86.0832828331023
"498" 81.6310746816752 81.8190527398492 76.6037424711389 88.4760098907907
"499" 91.8773909711985 80.9284100429057 85.7470035359157 87.3906687947766
"500" 83.4786110598473 88.5158610738759 86.811396104753 89.5651432330688
"501" 82.9333238177512 83.6882638742671 94.5555045308266 96.2580839872168
"502" 89.9933464113121 99.0768913579745 110.857211561261 91.2837118176198
"503" 95.3449620675648 90.2418808187185 80.3926262767976 96.9856167454683
"504" 92.6002782587835 85.4487697556015 91.4798576457283 96.540510919229
"505" 90.7131129689432 80.4529992009409 88.9118303936383 91.8441661186413
"506" 100.362944955917 87.4513568244863 96.2078257468195 87.4235976176772
"507" 84.5284770538222 80.9378557889754 88.585886829521 93.285608044106
"508" 90.2198413816969 86.7427637969909 84.6383525595165 100.709270028939
"509" 94.9833790047181 82.0205291568138 91.7398725165603 90.7244156097801
"510" 99.810749052278 93.5367114020342 100.350508429668 104.540042413712
"511" 81.0517145570555 84.171423175302 84.7696067220324 86.9983193074192
"512" 87.7308234500281 80.850895041899 80.596216201554 94.2011575789242
"513" 85.6587385450463 81.5156082862347 82.0727761229437 88.0114360545451
"514" 95.4424935805703 78.9126688772442 99.507439302509 92.2804472018474
"515" 95.9361031630215 88.7973662266363 87.8162286269551 92.9014588936654
"516" 87.9160575855102 88.2343472663626 88.918725826295 86.7694655156906
"517" 89.4330622817126 85.4466010125201 90.8506908516487 103.243768049010
"518" 98.8814522566302 86.6153908058894 96.3253546542621 88.6191310388456
"519" 88.8013280935181 84.1123988690415 81.6298217419694 87.2388841611888
"520" 88.8415602616449 81.7849605681686 82.8778826334056 87.0327575485804
"521" 98.6257556832753 88.3118026603429 96.6905972764336 90.8121282965524
"522" 91.9303247418891 78.1875948837632 89.417603629032 104.290320091445
"523" 93.4109198703913 83.8280131905035 87.8864883605771 93.3924881191091
"524" 89.7545518902232 93.0375844510163 86.9264191000857 91.0784111695747
"525" NA NA NA 112.086009897094
"526" 93.802080987692 85.5645542143313 78.864841404131 89.7944102292661
"527" 90.4240067972485 85.298918384414 87.9246067913936 84.9641526212515
"528" 88.2273739399323 81.0804093099227 95.570108932689 91.5429313837303
"529" 84.3143625705176 81.1464399481664 86.9870338274664 94.8158109806627
"530" 95.3741959174523 85.8313349716274 87.6514282087984 84.7021888824828
"531" 91.3280933050708 82.1773128119192 86.814752440499 97.7742611593062
"532" 83.8289517496018 89.746203595664 82.2235665560334 92.1774259646022
"533" 85.3973767475013 84.4581966107959 89.718946458036 83.255239593951
"534" 101.818217805311 87.5924760381727 93.0130050850634 90.2774409462553
"535" 97.494549057171 97.537694442975 96.3590346479782 97.013273016101
"536" 89.7833504554663 87.6076995133369 83.7022133682296 85.5992534877014
"537" 85.7757138063646 84.7726138417957 84.5314310417495 83.1571550490521
"538" 95.3580767209858 97.0052485430278 91.4095544852248 91.7888493415175
"539" 87.0083034647915 79.6663204167507 95.6432167657549 94.755042335896
"540" 92.796094101857 80.2558529733274 94.5640784573 93.7103867833581
"541" 96.970780586101 84.0268771099413 94.2448624573785 91.4743831015465
"542" 91.5668560513742 89.2871599168117 88.6588785219217 97.8381157557101
"543" 92.3394844922855 91.7825989348524 96.8289537510998 92.75876318009
"544" 89.1213870777617 83.0372678391298 97.7499413950518 86.5768916423838
"545" 92.4763046817371 89.8185635190709 78.6290776336096 96.560920885929
"546" 81.8627783138713 80.7382416023231 78.6925367825279 82.6000773316742
"547" 94.898015036431 90.7636919354034 88.0422450413033 89.7294688939042
"548" 85.2163660724237 83.3679906215063 95.8817173658863 93.7862561355594
"549" 89.5806154279967 87.4721261593277 95.4135121708809 93.6098816462091
"550" 86.5235189377158 81.4947702124183 97.0889235501402 93.563536310967
"551" 93.2805345656742 87.354162754926 91.5056394924763 98.7352509608475
"552" 88.8530881751021 76.303282739072 82.24398573786 90.1957212725166
"553" 91.2658694200972 85.1391535410505 88.968412696917 98.5627796941247
"554" 100.754529284760 87.9912971868506 103.090516941561 93.5683010681359
"555" 74.8395268085371 79.7192402084221 83.331282289129 101.112567960532
"556" 103.437193875236 88.9698394842719 89.4505612286522 92.7906867676279
"557" 100.915101215962 96.984572059656 98.0077283848867 99.1482835119808
"558" 86.4184502321731 89.3982636606197 87.8838588613057 85.4048124231475
"559" 90.3163347758653 80.5390539820049 85.5909026614414 92.2387025911427
"560" 96.9605090182082 86.660455994729 96.7364664303482 91.3090068772976
"561" 91.885646722499 87.7401326822727 86.729161977558 96.2194684138926
"562" 86.0071891705373 84.2746810729315 84.466774580214 85.118168961212
"563" 79.7181643673809 79.9627960660897 81.4719066159733 82.0573232544415
"564" 85.1404173362688 81.1036103877402 96.2371570643657 85.1575821784996
"565" 98.11718920753 79.5820949399655 93.5583557904469 94.349064011511
"566" 88.0092042296494 91.5187426405871 95.6999918881877 89.0186950897576
"567" 104.639193166802 90.0513996201756 88.0388051464016 92.7432044968131
"568" 94.396354038563 84.6964537340024 96.0608206067458 94.0334064269178
"569" 93.9954830151335 77.2275721019332 90.873964815516 103.714586836794
"570" 85.3819844699301 90.763034088164 83.0133237774661 88.6887549043994
"571" 90.461138227841 86.5757219255114 93.0674752353954 79.0082901133298
"572" 92.0230233740687 80.2923286117126 97.6092238239986 90.2937264769469
"573" 89.8915317200419 83.3073520502521 89.7682983271407 89.6260438982882
"574" 80.5104794543203 90.25856412231 78.5674819627213 95.922583126649
"575" 90.9804451306486 90.920498652956 88.8575594615432 88.6956643760304
"576" 103.610538013492 95.4153969497987 101.179345704048 93.2082120918084
"577" 96.3497596004347 96.6876529607653 102.994841862653 91.7902851575206
"578" 91.902058763 82.3637820289645 87.4255126773061 90.901081606449
"579" 89.5755265015017 80.7632255725334 98.6560689868406 87.3066857909348
"580" 93.3756955992048 86.4484220489425 89.3558742506398 96.3781655057872
"581" 88.2178308575442 82.0031595762631 102.655365870031 91.1145348689246
"582" 97.1999126185603 86.3525689532697 92.1671514036709 95.6713511400492
"583" 86.1081320123734 83.0193686885001 84.9594876324794 95.3839649065192
"584" 97.637914489683 89.1287215198356 88.1048705200303 91.5195798017435
"585" 86.7720727825165 81.8296675498926 83.7016799977335 91.360362439443
"586" 94.6367129702332 78.5909175806652 88.8767197222348 99.0614145471401
"587" 91.9289686196874 81.2157175217341 81.0161299224925 98.0148471563667
"588" 92.8213206638528 89.4485676756235 91.543993645951 94.4364412885265
"589" 99.5697647414093 98.2579623482102 101.562488809798 93.2851240396341
"590" 91.4697041024851 87.320672058652 88.555295507849 91.3817745720161
"591" 89.8705372876106 81.1166879485943 92.579724223266 86.653526461197
"592" 94.3727409495516 90.8398544066489 87.5998053092275 94.0067487283495
"593" 92.5999622329716 81.9027284311081 87.2042638966939 91.0903206531685
"594" 93.4775585112133 84.1073748643646 89.7046176518095 90.0970201590378
"595" 92.6476070524543 82.010602306662 97.8679742208452 86.3686642531132
"596" 96.6363034478173 87.5479777336608 100.150124429578 90.3036163852794
"597" 104.567591487114 97.7705925593953 109.707792823328 89.7908884606489
"598" 94.4954285570883 85.5773289087818 88.676321095978 91.5532942045824
"599" 97.7692290821237 85.7103337601202 89.2478297022208 89.9556526858895
"600" 90.024952107431 79.812560288344 92.2930036385746 101.629900895888
"601" 90.8800257925674 80.039107318572 90.41683092026 106.181626021119
"602" 82.6064069582808 84.9074667228625 76.3997951192663 85.3671017202238
"603" 94.1976018759677 88.4911227284239 91.928538272025 91.816465265298
"604" 92.2972599604927 89.1943917328103 94.9923268517802 94.8628956294578
"605" 92.1319780372704 86.1710355824335 83.3013714939066 93.4705040421735
"606" 102.650418080791 97.2724815410001 97.1231807969059 88.097224908049
"607" 97.319000605841 83.1820618509081 101.087635997755 91.5817853364467
"608" 87.0904025414922 87.161362789731 81.2456434799123 90.5256330538259
"609" 89.7811330188373 84.0348159177783 90.0253838790233 85.0704387217908
"610" 100.828821050738 87.3979270287118 96.1966029965834 78.7432662735785
"611" 91.2413904336727 84.0417150092624 94.3028068642414 89.2779507482907
"612" 85.5164830837254 81.0189431830965 81.5009352002439 95.8172195085039
"613" 98.6641275331448 78.6367238906188 84.1157994360175 88.245045574263
"614" 91.2830945170254 86.1084982787343 97.0951390226631 90.0147006190348
"615" 91.3018437681661 87.4852229634333 86.0890772717983 91.6206113916443
"616" 84.7185890353367 79.5422862926957 85.0133091680783 94.5169319954215
"617" 89.9745958757827 88.470072897191 84.5270391228153 83.505294172594
"618" 83.7661993696842 85.8039933340537 85.5053998242717 88.5148518243233
"619" 82.598467250537 82.0970848772713 85.5858203893502 82.6745620032661
"620" 83.4908119523209 87.3252183838965 89.5236177506486 89.431464634465
"621" 91.440007583514 83.3855866572767 95.4003211886767 88.9328559679977
"622" 91.670757399505 76.3898415072822 93.9500653001207 88.0121126251748
"623" 87.1377171080225 79.6926952922447 79.2473931667358 94.0865994505636
"624" 94.9202080837708 85.9265821090153 89.7226963843352 87.8331447018917
"625" 82.3140651705274 87.2221796738432 79.9205073590803 84.5708315294339
"626" 87.6133759989212 89.1399658982637 84.3085552946845 95.4101279366887
"627" 84.2184306724232 83.8165580107844 81.5342442774954 88.6760116929926
"628" 86.9781483813808 80.2433558101077 81.9140221059224 98.5860602907162
"629" 86.1530542503463 82.6527802012963 80.8778085483922 86.8590765286353
"630" 89.552921469148 77.7449953291737 92.3440699914663 101.963606696708
"631" 96.6106623669646 78.953127699436 95.470833752834 88.5924816945326
"632" 103.926320852005 97.9005994154587 102.142430958390 102.014701254944
"633" 86.4334326074299 86.0936751268708 82.5182566110779 86.4640563754253
"634" 96.3633615799596 87.4561178146151 97.3281736262444 90.1396422687573
"635" 87.7373083124397 86.3449188870188 91.5586414572358 100.075831857301
"636" NA NA NA 89.8298099925154
"637" NA NA NA 94.2507634390248
"638" 85.5853265224807 88.8191805738176 84.2231174498627 86.6479457595872
"639" 85.5147990759518 92.4419029449353 82.6055615397395 93.6031707382765
"640" NA NA NA 89.882622783446
"641" 93.6988044951388 89.546164616442 76.4821954313816 98.1602578683834
"642" 92.6120372767843 85.3906417686837 83.5451047039213 101.545686220142
"643" 85.1770519492782 86.63666363218 88.357343745188 88.7043256870179
"644" 80.2919883897447 81.0766318997977 87.883160459111 86.2204257044884
"645" 94.5983239475802 74.3071448099016 87.2394106168266 100.059235303785
"646" 94.7722148853179 78.9815450941423 90.1369229066327 100.313487166652
"647" 97.727942408381 84.6256643369516 91.5219170397933 100.124167089250
"648" 93.188395241869 83.2063511853038 95.8636896711044 81.6037791099536
"649" 84.6561335798566 85.269433699682 82.2761693904505 86.895623956958
"650" 97.618435739256 74.7127114749517 100.999817282207 100.708529548470
"651" 100.845744155608 94.0408455172232 93.3887531238883 96.468735091299
"652" 93.953776707882 85.9444656465699 86.9783442370928 97.734215984486
"653" 87.9504562112184 78.4308992322272 95.897185919581 86.993182868638
"654" 93.7244562337215 81.4432525801611 92.8233760517872 94.6889286359652
"655" 91.5590050263827 95.4470666411571 94.407372367739 95.9311895934994
"656" 86.8825639226938 83.5101992754483 84.1528921089947 87.5318164302552
"657" 102.131556257246 80.8723669954256 87.1469350567282 79.964196623713
"658" 80.9395566678967 90.8473208424161 90.3128400035142 98.6933835704396
"659" 86.5868131132104 87.6442575573451 85.8679783151123 90.8730841374728
"660" 90.4956070743604 86.3902608392247 91.141315306165 96.336465270019
"661" 93.6846967331034 97.4906689143417 81.7572979721675 94.7154298892828
"662" 85.2317758461328 79.5056241339752 97.9310138962623 83.186537842062
"663" 98.7134261003157 81.9978664636628 88.4007034843861 99.0914595943445
"664" 90.2204344858842 80.766739884595 96.895697280185 82.7718034521762
"665" 88.9479999385854 85.2348151697627 90.530199448329 79.446863965234
"666" 90.9021416102858 85.5705416243836 84.607970145495 89.293211191768
"667" 91.8774878924409 90.0521529583868 94.7401954597699 98.555758003244
"668" 94.0403704638964 76.1056934743767 90.5922350265994 97.7635753141164
"669" 93.3208891393612 76.2822383030864 77.2681494415781 89.324261651834
"670" 91.8062521382754 81.9048308635067 83.9251978798222 91.801435519948
"671" 95.8778833166325 84.608153923054 92.1586507322824 99.170070013729
"672" 78.244483626731 86.4755269473333 87.1185167373917 89.5436108460982
"673" 84.5899709005618 78.1143340380117 81.6495610966743 87.6144226314464
"674" 88.6416260255423 83.292607738424 95.2492939371945 85.1585370728245
"675" 100.135506868819 83.204188172137 92.4565281545155 90.6808122464718
"676" 91.8306340023345 83.5496126900188 98.7266898535007 87.5390289493981
"677" 92.3790891121917 90.833724178347 82.0953654150551 99.9569218341051
"678" 89.8226167125811 79.6198587178122 95.7115906881345 89.8870777124296
"679" 84.704063515206 91.5031651146162 82.7709238709955 92.3036925000879
"680" 103.761521429291 86.6996572375005 87.6292234749966 97.9633447697228
"681" 85.9991317062211 83.2567738078716 86.5598944666716 92.2731445178743
"682" 85.9554361937084 87.8465077431468 78.6021764870356 79.2985671689977
"683" 90.4553314508113 88.2329596132032 86.8973928522321 95.6439108968217
"684" NA NA NA 96.043141555398
"685" 93.739622656632 75.9781417319889 98.7787485978106 84.7693528784209
"686" 84.8698148372393 81.5648263661749 103.189823969791 87.6239941061247
"687" 91.371193516516 85.7405605835002 88.0715033271299 101.847313372587
"688" 97.819478397531 91.6048575079509 84.4536912622184 99.9002806049036
"689" 97.5799209621959 83.2055295721654 89.8436768229616 97.6939219912635
"690" 83.2172653862183 80.3786313471846 89.88826751269 80.5740008342702
"691" 99.2795601665948 97.0492039325414 100.933857912086 91.2063213121369
"692" 90.5388770695725 89.1897375952171 84.0020115460007 89.8737688496330
"693" 86.8572047064225 84.6639325049074 88.941854012352 88.7292905856027
"694" 81.2381268674477 83.3953732631834 77.2881409494506 85.8106031305418
"695" 86.4857134814828 83.8868403665552 92.7975327787215 88.9308088077101
"696" 99.4005860584975 91.9078064008683 102.717509767267 97.3918355063463
"697" 87.8668053920818 84.0277507777331 97.1274896293648 81.9551412779903
"698" 86.9625374829773 83.3604753099022 76.1139906172795 89.005499616431
"699" 104.627562495263 90.7556342544027 99.7904073949953 86.3052212958722
"700" 98.5434208618747 89.5001554571971 93.4547829533159 90.510074783461
"701" 88.427063934543 82.4312857908932 86.7869031027382 87.0099041514797
"702" 92.0456953503207 91.7676032171056 97.8819428288719 88.5377543254273
"703" 99.6933810418267 85.3061194999691 96.3662267240926 92.2593508516849
"704" 90.2914601026437 86.691328164005 94.581583694492 92.5098020289519
"705" 97.647909681749 86.0539862414836 89.0116880931095 97.6075654114462
"706" 81.8422815097924 84.6050763793708 85.0641372698505 96.8527893816891
"707" 78.0655832447261 80.9200316410757 89.7466804467691 84.7994067082204
"708" 89.0129869038416 90.742934390336 98.9215867155975 91.285592758015
"709" NA NA NA 98.9969876658167
"710" 89.0825861914518 84.1954573043869 86.5718407415588 94.8524041935087
"711" NA NA NA 81.9584249980023
"712" 98.7767100085277 104.296891346599 95.2475228179936 90.792670587584
"713" 98.0590388437801 83.1964276470255 87.4636909171125 93.0365860698235
"714" 91.5407888671237 84.67485566959 91.7149906136241 95.357417727547
"715" 88.6133272541498 84.9573485700217 83.441799590899 80.3034684652906
"716" 85.4983529100037 75.6019779200432 80.6083823911809 96.196590321910
"717" 98.4838723912397 78.4267293011592 97.6772595307869 90.2957516062633
"718" 88.3241115263569 81.456730057696 83.3840225539868 97.6878020150088
"719" 94.2954962601157 91.4498602669222 97.5275147757487 101.078495807163
"720" 91.7316165845097 81.745961207895 81.3542487066828 92.8177642082359
"721" 88.3063869414232 91.4117994801039 82.9304591957341 85.9537693232865
"722" 91.5949491388445 90.590165425299 86.0396083384544 89.336084259121
"723" 94.4396759344975 83.1038225776651 92.3969399308558 88.7970829707309
"724" 95.4196137068597 86.2484077629017 92.2453916391981 83.8106100673787
"725" 94.9646913944975 88.4397705784862 89.9734444107951 88.6821061627374
"726" 96.9550655536439 86.3745987484388 89.5554706191898 91.6972109014107
"727" 94.7609173674424 84.3748965869172 92.2265849124653 86.3115513177116
"728" 97.1050312379308 97.0072104870475 94.0308618877083 92.5955488171734
"729" 96.2495821824105 89.6665220765934 95.104783153516 93.6344817075816
"730" 83.941227459832 82.193100969459 85.5559965985524 84.8209154414533
"731" 86.9842480326506 87.3723726112024 84.6450198250729 84.8773061031898
"732" 86.3637273988048 82.9620796754954 82.7648390624461 87.9642932764247
"733" 87.1553270254279 79.9160106283953 83.5943711371016 94.6253607693367
"734" 98.591836855668 91.5975197490595 84.6560727205814 98.3443643714424
"735" 86.1619010541026 92.110982819709 91.5980966389783 89.9482879284424
"736" 97.3737846099655 92.9120795440247 90.8792168591575 100.811431774917
"737" 92.7819596611134 93.0580458964367 90.0595210680376 96.5359408809584
"738" 88.1341187167325 83.7654299873204 87.6363373194303 97.3047233852607
"739" 89.1525701525138 87.4307441577713 93.904923329959 82.6768172805045
"740" 97.2136093495756 88.1764761705156 85.5803194726124 96.4124785567129
"741" 92.2316206669367 80.8533088636114 82.2630652557724 86.46816436363
"742" 88.7984039470672 87.393460823394 91.3520031590474 93.1488474090445
"743" 81.5767116949972 88.2226599355995 80.5707893177353 85.5075622041452
"744" 87.2839961687351 82.791419589401 85.826907745282 94.6249036922743
"745" 94.1464651571732 90.7579201472503 92.6475307575404 87.168396381766
"746" NA NA NA 92.6349969119142
"747" 90.7656238112085 86.1103115067832 97.3989431239852 94.2161620870558
"748" 94.3159769838645 82.3840349835931 95.028313504735 85.3570551099395
"749" 88.3581027614686 87.6294521218275 77.8165972809797 99.149048209261
"750" 94.552246216773 84.2209452660205 96.3423123433598 84.6830365292786
"751" 90.7110082647124 86.3318105792742 81.067752794564 86.8643203499807
"752" 84.6621524297991 78.3734146646554 86.3973279021405 86.5479813573439
"753" 93.3278183610857 81.3434605514156 85.1708851836622 97.654703635922
"754" 105.194417998154 93.1973370753798 101.702647097581 94.6497240681632
"755" 94.2192481940564 75.5223108165581 104.812129621621 95.6408744936915
"756" 98.2547721211323 81.5479622825107 93.8809033428347 90.0367615717788
"757" 90.28415838674 90.165752526357 82.9514944143453 88.7361512507454
"758" NA NA NA 77.9226495254569
"759" 88.8102340594315 84.4535376908265 86.3212840878108 92.9657472622916
"760" 99.2685550326857 86.9994133457607 96.9013865743732 92.6579111557503
"761" 82.2061962313013 87.1019979427393 88.528716897601 88.0976684961423
"762" 84.8691317818533 86.2845228505036 92.0046160728387 79.6551828193353
"763" 90.0031734051946 87.1912124139863 100.126449431002 98.4535331295376
"764" 92.3148488716651 87.934327954213 96.7998819236458 88.6505698615238
"765" 89.48016349212 91.6723468095354 78.3580878496485 87.9522489381032
"766" 95.1615983090485 86.5636968964798 96.0169955851152 94.9531741722312
"767" 104.904403249358 79.1726908961724 88.270935378835 92.7091491439151
"768" 92.7682903833735 87.8791938027674 83.1598159437846 89.5677439728812
"769" 94.8391092052352 85.8996724319562 86.4288983638189 93.6809132757563
"770" 94.5036313853954 86.8469510197899 84.1101250956629 84.6449716996645
"771" 90.1399682297976 86.2536504827997 94.9100593490143 97.259963647255
"772" 86.7876119391559 87.7781809988653 90.8370537809148 94.4282000556485
"773" 92.6361037416085 90.7323270424933 90.0584379346326 92.2491279506858
"774" 106.989567063771 84.0823365191182 81.3407028718703 99.269989808344
"775" 93.1589115665805 85.6766188139678 90.5776689996692 93.6545488578778
"776" 97.0417992534858 85.805021311783 93.4183929300757 86.2111954172832
"777" 93.3326457593829 83.307252733473 86.7197084822444 97.0201087152158
"778" 93.521855514149 82.6620977408317 89.6824786939896 90.0217506396796
"779" 94.8993524987448 80.9681989138168 90.9704256697403 94.0210065208517
"780" 93.197251202709 83.0984204840803 88.541157039606 91.2593523708206
"781" 93.9361321415622 89.0264789234418 95.038264491981 87.7758655592749
"782" 97.0109407318178 88.1217910672072 93.1332272059023 90.7823362623318
"783" 94.606294545771 88.825100454253 89.628923685049 95.90554348782
"784" 101.808490478927 96.6084196068207 94.2016180407286 96.2130778908887
"785" 91.815094005725 89.1373320591596 84.7600358947645 91.391096571982
"786" 86.7392540458251 86.957707869752 95.6955626629997 93.6538024559683
"787" 90.222874871612 89.92528804285 94.1938095139305 87.2842350101485
"788" 87.0044190403288 85.1119299892746 90.1654913000608 81.5485560565594
"789" 76.9436364934486 82.6798492137906 85.8917185613615 93.1020688911667
"790" 89.5561815406997 78.4331742404687 87.2858290064835 96.9941771896025
"791" 87.5926476143477 85.6727815146599 87.6768687961963 88.4139363853756
"792" 97.5850150615497 84.5694100842877 100.544937635511 91.5118080041565
"793" 93.2990234342087 87.1440315576667 97.5612151633866 96.0568216917118
"794" 93.9460118184743 80.8878182641795 92.0458408142752 93.6824817430116
"795" 100.112991911713 93.6504680390403 101.257723659708 96.9453200891394
"796" 96.378009701074 77.0862285296609 99.9389923388614 93.5107504987512
"797" 86.2787746333839 80.0073357027142 87.1052584421644 78.990717723898
"798" 99.5251907293055 94.4677820311005 100.574821677509 96.7899461690968
"799" 94.704295288484 85.983602204179 83.1099282063826 89.1668118625824
"800" 93.8157602588148 83.3490384405154 87.898060336169 96.3401273116987
"801" NA NA NA 88.9887673472128
"802" 94.1200640177838 85.0564011802066 80.9321693975476 94.6700256909333
"803" 95.733459941758 81.8517199706903 81.9462050436588 94.1152688720608
"804" 90.1035646489092 88.0866797876405 90.9835183770604 85.1988808285828
"805" 100.654185600131 87.9007025692417 97.4861795012554 87.5112017646068
"806" 96.3172662381655 82.9189672345253 97.7226848438555 95.5768078691544
"807" 89.824485925589 89.8555144765615 97.6455286491866 77.9225807500844
"808" 88.1513501234581 83.4623671104133 79.5284144279512 97.0366682323974
"809" 91.6613022036153 81.382571894693 92.3415017915834 91.1479590079523
"810" 94.9776935972525 85.2783373456772 79.7602225951301 93.8762536671687
"811" 84.8434678340403 83.4168687935999 83.5391155962705 78.5146159180692
"812" 86.7667963114604 89.996489847623 85.1630653301771 88.174152000121
"813" 102.197510109146 92.548530669956 89.8126273486266 95.2366017475643
"814" 79.4218072909724 85.1841234229512 86.4401505076994 84.0386930015467
"815" 102.325632228089 92.5733013160013 99.7191350606781 83.8106967657749
"816" 93.0622753932062 80.4310770951985 82.855031053566 85.0617685037452
"817" 101.008525377732 101.337589252002 99.2965490009455 100.488886908602
"818" 89.7728066218314 80.3298535710762 92.2577387329407 84.1746137545804
"819" 93.148951366065 85.5764507481425 93.9317772429254 98.7774004412558
"820" 81.2979966934247 81.2684325782246 92.750432693038 95.1263957109633
"821" 86.5986354671309 84.7195416800809 100.137587593040 80.0767334407517
"822" 92.28651098997 84.0456675801274 81.7040623831164 96.4058460228232
"823" 85.7676655128759 84.6010226629353 97.7020425953044 92.2677981946371
"824" 105.386874510574 82.9291694029249 93.068150524127 84.799181457747
"825" 80.8812094074298 83.321402913852 88.1773507360956 102.584672963204
"826" 89.706680751326 89.463966939647 86.0314593973951 96.8880053594164
"827" 90.2658388704059 82.6275691022312 90.1721532130326 82.876491771144
"828" 96.5720046261931 80.8577646158702 84.058972269492 86.5141147125311
"829" 96.5714539673641 84.507427258136 93.8034724879325 86.1016636751738
"830" 92.9751355498136 89.6779365509923 91.9807207912343 90.2191519821222
"831" 84.6935354292127 77.0901861720885 94.6847876688424 88.7644180151038
"832" 98.683385852281 81.1213857696511 83.9773670944044 99.4117829218251
"833" 83.9893039507428 82.36042022861 85.5201993801338 96.6718634145396
"834" 88.8145160262179 82.1975080275727 98.7392611651486 95.2663651002191
"835" 85.7663769958158 82.635359385984 90.4963546317187 89.9568348032573
"836" 88.307266148093 83.2924374920031 88.6827317503288 90.4471746209034
"837" 89.8825566119446 77.3497179073688 90.6048626436014 90.6180342423448
"838" 86.3490681355856 82.5502916541349 84.8347242045505 86.9431014581472
"839" 100.911466303546 83.469414345003 94.0339721544326 90.7266768827721
"840" 94.0587970603367 83.7365439017462 79.194201036974 97.5298514385995
"841" 101.70518183562 88.8900199769153 106.921684013887 99.8448245095513
"842" 97.1246447264397 85.5427811230763 89.5448226068373 92.847904450965
"843" 91.4667925830527 82.0586519832241 101.317511488247 85.746015084524
"844" 100.129937845176 78.1730586268946 89.0076721860972 88.8329745975169
"845" 94.4715663142407 80.8816175321132 93.9122915415693 91.3145119270268
"846" 92.0065026706757 84.3960559347366 85.2682271102017 90.072913092368
"847" 86.9031501559297 82.3333898582654 85.6254708676203 80.9200357468894
"848" 96.104892438917 86.9607659938195 87.6110380716911 96.5187215178359
"849" 103.643038708900 88.1212562786974 96.6326496353572 109.401850862525
"850" 91.4358516202665 83.9360915033529 88.2888734378394 94.2921969551399
"851" 94.058558130932 81.265677439233 80.6337209379722 89.6978174259372
"852" 85.7725818520407 81.1036517999953 82.7646017104946 101.765047184120
"853" 93.0922337500095 83.4146022797616 101.964880646695 93.0051765801525
"854" 88.2091051060767 87.2592172476273 82.7075925959836 95.509076266436
"855" NA NA NA 94.0664020457472
"856" 90.3808248580844 85.0674471912876 80.9916527451775 94.36644894821
"857" 82.8218351705428 87.1311895574829 87.7320009870657 96.564734046573
"858" 94.13885436634 88.0377167205906 91.0926256372636 89.3080151894373
"859" 92.5515872016717 79.4224199462743 84.8069455396521 96.9812497764664
"860" 93.4203021905135 78.663529384958 92.5515439820808 85.5211510169212
"861" 93.9803839836577 84.625601828934 94.7571008500517 93.915778173117
"862" 86.9726771060787 82.8132882466772 82.2293985474093 81.3720824406755
"863" 93.3431213192784 79.8810935416346 96.6362417838502 91.1529514859434
"864" 84.8954231906809 86.9467495022855 82.5279477354998 90.4378949635099
"865" 87.6207187224353 83.2522521637787 92.1941536487404 83.2771009332971
"866" NA NA NA 101.902419813945
"867" 92.7380880513403 83.568635557576 88.9010613842743 81.5073930289213
"868" 90.6715578915888 87.7944442391555 90.435192102652 99.9043516955023
"869" 97.8774078200405 84.1560964722621 86.3626884405036 99.2460499186277
"870" 91.527105888767 84.739689617329 83.4944499890307 88.901146017575
"871" 97.9719496950488 81.8953612508908 99.399583688881 94.0623500150838
"872" 87.5906090583079 76.4995860565182 96.6919206735249 92.9376002030044
"873" 87.6834782678155 80.0592536758717 83.948309893014 93.48175877007
"874" 99.1570921339476 86.9886349028922 94.9613216716887 97.4594468980285
"875" 90.066009406942 80.1378717470232 87.934936537284 101.194060361851
"876" 91.2885081651822 82.7590449813853 87.6430374627106 97.2958305311407
"877" 94.6549908445173 84.6122479191633 88.0568222415004 96.3228026543663
"878" 81.6114897740073 77.4204453986202 73.5952405969485 90.3142033273016
"879" 98.3944777121644 85.3232973742104 87.8556533700307 89.1362465631325
"880" 98.492764523595 93.7500824680913 87.0441311315289 88.5527310300819
"881" 93.5052774045058 87.9576952884878 91.6273376953916 98.9481599771737
"882" 84.544768585979 86.6862030996968 92.5484030253729 82.1961182655113
"883" 92.5165320368374 85.6537570856087 92.5071191978462 92.5241693709566
"884" 96.3763119174063 89.9940724409706 87.9473200682409 90.8297947559604
"885" 94.756888290041 89.7334809414108 93.813401945914 77.577159544128
"886" 88.9351081869892 86.3651857176055 93.5620738089241 98.6366040945774
"887" 95.2204761669682 90.082973718807 94.3360660196042 84.2496503382279
"888" 94.2971219206112 89.1712986943422 94.1681841011162 101.751197889364
"889" 96.388190937639 86.0239284083678 83.1512543771382 83.010070913566
"890" 96.2285810022575 80.2662383817454 82.4959889878311 96.3759136243099
"891" 86.7240935519465 85.4885555089813 90.9093337571072 92.2746036871345
"892" 84.6932060100007 84.2397061062474 79.3513271664379 83.5772391473436
"893" 97.1731303703773 83.1737020018613 94.0094219645797 82.2873524953803
"894" 82.4422022862505 84.1323520156398 80.6116048004976 88.3155729794995
"895" 96.3094919908438 76.7297842162442 86.9410210611241 87.5570901183977
"896" 94.2391161487902 88.0286441225648 97.1008018123106 85.9957609090551
"897" 86.4493103579247 88.3319391075603 91.1597527720928 92.144013839099
"898" 87.0295609459131 84.0760402976884 94.5511863449346 83.007925789504
"899" 93.8426898823244 84.6153703224931 86.2829412415 89.9870017932441
"900" 96.2462136730367 86.6268944809308 97.1205232076727 92.9372064822271
"901" 89.1350898234112 90.056999018597 82.1472730990262 96.1293669820047
"902" 87.3138836851548 80.5489925151736 81.6653962119871 90.398739640994
"903" 87.6243486562627 84.5703002090557 90.6058307710739 94.6469691202062
"904" 88.9425648407364 90.6915196082948 91.9972722930617 84.7174752868915
"905" 96.6651917435918 86.9995185576146 99.2835075262104 95.3724868710677
"906" NA NA NA 84.4268247086984
"907" 99.8034992085543 88.9567370525961 95.3677714715794 85.9848986271834
"908" 97.2283341138471 82.6772106565716 96.2585473409818 89.1410653639898
"909" 97.5932846967958 98.4969457817937 96.6433968696348 103.697928113269
"910" 96.098057738424 81.8878074992152 80.3479659009462 99.0897945716085
"911" 92.5870510892375 90.5229530632117 87.1323884376305 91.0565468379629
"912" 96.391301833205 88.889108795383 97.2993679570077 93.5640713556793
"913" 96.2544215285438 82.3464689087775 94.6048116311951 87.5189287551527
"914" 98.1663737897613 98.9085437821627 98.6569378178311 101.491733268350
"915" 82.7881824107586 85.4968483559169 98.73284253514 85.2734629997024
"916" 91.1416595171146 84.3020633532406 92.3757261783876 93.8283124172165
"917" NA NA NA 89.5340721511698
"918" 83.483179487308 80.7857492353983 88.2077035191817 91.3019367603424
"919" NA NA NA 88.5610792265007
"920" 95.229428649119 83.1210147200376 92.3137929843319 89.8678262955138
"921" 87.9338749880022 82.901481013038 79.8522806700006 91.3362402316276
"922" 95.4573641454566 83.0784136147471 95.6546448278677 85.5163758488712
"923" 97.8430304671908 80.2424109118411 94.0254784054528 99.5607561126447
"924" 103.261461700814 94.9783365657117 101.991093280389 96.573371951199
"925" 96.7118651902169 88.1534070804354 96.81041862459 90.8368344475776
"926" 95.3104799978524 85.5152057739671 100.225446735176 99.860781339462
"927" 89.7129594339426 87.5541297056624 84.1156823162682 96.2357719275304
"928" 100.048599565684 89.5893204398577 95.4488510933688 99.2657485862925
"929" 92.5399551800561 78.514186182063 90.4355585339964 81.5914732570253
"930" 82.4298392890459 75.9391552959299 90.487259617248 91.5197687835083
"931" 97.6108381263207 95.502464680882 89.0156463231484 100.516476963401
"932" 91.6201032440364 96.1944053271392 94.9449581126501 97.6761949416622
"933" 96.7573976757767 87.9697707598117 90.7829108251737 79.5941790875846
"934" 100.358596142994 77.2350166713878 90.4616147386611 88.8781304558635
"935" 93.5026256932522 90.2491422951159 92.9649532962429 91.317784712369
"936" 94.0483510568997 85.030427320601 86.6362200833158 99.9767389555082
"937" 95.2820155612588 91.2596654123635 79.0564680488666 93.636974384249
"938" 101.612599131437 85.8822236587323 90.3571071650298 98.440576504988
"939" 92.4299878988656 90.5698527267969 85.9052878860482 90.207311055408
"940" 99.0022074673802 95.9561554232656 95.4828446396973 101.889658426294
"941" 92.462116837902 84.1769527670972 84.8182220206164 91.7046050819086
"942" 93.922213782368 79.8931623103213 98.2773074491373 95.0849673512774
"943" 90.9723783702193 87.7000651122936 87.1906358015537 90.8641391185151
"944" 88.5704569833444 88.0121305766684 94.4085949729865 92.5192549023146
"945" 94.0879219634994 85.6185942869267 85.5691895517749 99.3616403589724
"946" 94.485314276767 76.6931103194927 103.361290018022 93.073161902285
"947" 94.4922026874515 89.6416493662513 88.446805149327 88.9585152866723
"948" 95.3134368606552 89.8632204035514 91.9822682679605 85.4245243389952
"949" 91.5803431079598 87.870450116487 94.2361210616772 85.5617288792125
"950" 93.7439685937931 86.4564682717341 90.8708142993458 92.402047211332
"951" 83.9584245259234 91.6659707314748 80.1018404290168 83.770527470943
"952" 102.241421424079 95.204000354136 96.448791936239 95.40403229704
"953" 87.032909220294 82.4620678310887 89.1930781938694 93.8377690205535
"954" 89.8573339732814 85.4556844046207 86.2293631388628 97.9010265438124
"955" 102.452720493231 95.3448283268332 99.4976887193382 83.4629735523235
"956" NA NA NA 81.9946087747751
"957" 89.4334821863064 84.5164736863406 101.825118502971 89.804200357695
"958" 88.5063130605337 83.0484781936494 100.399704711848 89.2247425372776
"959" 94.1128597923095 88.8745803917344 91.8422259312106 94.678206496469
"960" 75.4132490703971 89.0450622352545 86.5062468268497 85.0792871265779
"961" 83.860537108683 96.7359258698544 96.4044042268045 88.9722590036395
"962" 90.2734523189611 79.7534745642021 83.8312376077488 79.7922704737524
"963" 100.114582675094 99.3543335926466 99.3562658857017 93.2667308557756
"964" 100.734100232146 89.3819899377587 89.3422114992926 106.05569690368
"965" 92.684864008336 83.7690611926984 91.2626641383352 86.2493434097555
"966" 96.0155221170236 81.6051157798656 93.2965896981624 99.648539274196
"967" 94.4430408382787 80.6711887565502 94.9438120341664 88.5100855870202
"968" 87.2734823380094 82.863875421324 98.565722766296 86.017404305118
"969" 96.9856174374464 81.5802530694614 96.045765825059 99.3589293450092
"970" 84.8677676611391 74.7515086814683 83.7144400364712 97.12871263228
"971" 85.4427400208091 88.1246709115824 83.7073031501507 82.6754299871603
"972" NA NA NA 89.6125137610246
"973" 99.9326938132779 94.0763968757014 95.9931422362792 103.306400709759
"974" 88.7133774549854 82.716523358714 83.6653629242592 89.5538450349367
"975" 92.173921515005 80.9460999632865 84.1684632372684 90.4819084617464
"976" 100.452467430385 84.94719323707 96.4380641450345 92.2389506957566
"977" 88.1155970468974 78.3576532583055 91.1021148097501 89.2242079885525
"978" 97.9281848898761 94.738630007706 104.008145684323 95.3510522532005
"979" 95.8371886501656 81.4800104810377 100.878429131444 89.263079279963
"980" 104.403638367595 97.4851444173902 102.41725862659 91.70240604822
"981" 81.7415663897484 83.6018386701819 91.1404085748418 87.8264155020504
"982" 84.3917819341454 80.0247754022657 85.1841502562699 96.946702165618
"983" 92.4506050118822 89.7937928259017 84.822467959414 89.3826065755242
"984" 91.4586031103288 89.1507324981308 96.398465855334 88.2631508510474
"985" 89.7644921683104 85.5063780079592 97.0673835216956 91.6195466001395
"986" 95.0400566631587 84.890301155325 91.732500494137 87.2553041973997
"987" 93.0860655529007 90.251245648463 96.9122718997623 90.2403833469886
"988" NA NA NA 88.9867477186515
"989" 103.334456519166 90.9682126159165 96.3609351056636 92.56782886839
"990" 98.4009302270106 92.8725314807078 99.0104899778695 97.343465806204
"991" 105.378882483146 98.8583494608193 94.572150417361 98.3688894811353
"992" 81.6929056632584 77.2279015929273 90.5104189296424 96.9341541838803
"993" 92.2491743691876 87.1991130993799 89.0237863785231 94.9733575055443
"994" 97.5013509695768 86.6049591878022 101.149750736613 90.0201240286447
"995" 89.3038424634065 79.5827754189503 87.4100074553615 78.2966114290562
"996" 91.052037118354 76.8084251453153 94.4345902056856 91.1696857175972
"997" 97.8997020988825 99.3086118903093 103.406894773150 101.029068184391
"998" 94.5651641331617 84.6430302571263 84.589684564073 90.3526768150557
"999" 82.4324845828084 85.1485136217254 83.5823114773488 92.259498386226
"1000" 94.7333876957255 84.3221424851125 100.476556377682 89.7042858227085
